v=[-0.804674 0.0280531 -0.593048 0.0964219,
-0.851425 -0.0401065 -0.52295 0.094699,
-0.847056 -0.0391156 -0.530064 0.119549,
-0.895934 -0.155439 -0.416107 0.0932328,
-0.879526 -0.235321 -0.413584 0.08718,
-0.956188 -0.1058 -0.27296 0.110703,
-0.896452 -0.076217 -0.436535 0.116666,
-0.786332 -0.192781 -0.586951 0.103585,
-0.812492 -0.191474 -0.550629 0.0911598,
-0.796316 -0.119994 -0.592861 0.0991774]

h=[0.032176 -0.999417 0.0139002 0.090591,
0.0626436 -0.998013 -0.00519759 0.0881819,
0.0617934 -0.998088 -0.00338054 0.0815904,
0.0700281 -0.997432 -0.0149726 0.0885682,
0.0672451 -0.997688 -0.00948501 0.0877055,
0.0648748 -0.997857 -0.00738848 0.0908476,
0.0617675 -0.998 -0.0130315 0.0947368,
0.0641218 -0.9979 -0.00823192 0.0860375,
0.0651765 -0.997461 -0.0293878 0.0940742,
0.0364052 -0.999303 0.00711313 0.093403]
